image: map_cropped.pgm
resolution: 0.050000
origin: [-87.000000, -54.000000, 0.000000]
negate: 0
occupied_thresh: 0.65
free_thresh: 0.196

